# Created by Octave 5.1.0, Wed Mar 20 14:21:50 2019 GMT <unknown@DESKTOP-8DS3Q54>
# name: model
# type: scalar struct
# ndims: 2
 1 1
# length: 11
# name: Parameters
# type: matrix
# rows: 5
# columns: 1
 3
 2
 3
 0.20000000000000001
 0


# name: nr_class
# type: scalar
2


# name: totalSV
# type: scalar
298


# name: rho
# type: scalar
-1.8809467297497346


# name: Label
# type: matrix
# rows: 0
# columns: 0


# name: sv_indices
# type: matrix
# rows: 298
# columns: 1
 1
 3
 4
 5
 6
 9
 10
 12
 15
 17
 18
 24
 25
 26
 27
 28
 29
 30
 31
 32
 33
 34
 35
 36
 37
 39
 40
 42
 43
 44
 45
 47
 48
 50
 52
 53
 54
 55
 56
 57
 58
 59
 60
 62
 63
 64
 65
 66
 67
 69
 72
 73
 74
 75
 76
 77
 78
 79
 80
 81
 82
 84
 85
 86
 87
 88
 89
 90
 91
 92
 93
 94
 95
 96
 99
 101
 102
 104
 105
 107
 108
 109
 110
 111
 112
 113
 114
 115
 116
 118
 119
 120
 121
 122
 123
 124
 125
 126
 127
 128
 130
 131
 133
 134
 135
 136
 137
 140
 141
 142
 143
 144
 145
 146
 147
 148
 149
 150
 151
 152
 153
 154
 155
 156
 158
 162
 164
 166
 167
 168
 169
 171
 172
 173
 174
 175
 176
 177
 179
 180
 181
 182
 183
 184
 185
 186
 188
 189
 190
 192
 193
 194
 195
 199
 201
 202
 204
 205
 206
 208
 212
 213
 216
 218
 219
 220
 221
 222
 224
 225
 227
 228
 229
 230
 231
 232
 233
 234
 235
 236
 238
 240
 241
 242
 243
 244
 250
 251
 252
 253
 254
 255
 257
 258
 259
 261
 262
 264
 267
 268
 269
 270
 271
 272
 274
 275
 276
 277
 280
 281
 283
 284
 285
 286
 287
 288
 289
 290
 291
 292
 293
 294
 295
 296
 298
 299
 300
 301
 302
 303
 304
 305
 306
 309
 310
 311
 312
 313
 314
 317
 318
 319
 320
 322
 323
 324
 325
 326
 327
 328
 330
 331
 333
 334
 337
 338
 339
 340
 341
 343
 346
 347
 348
 349
 350
 351
 352
 354
 355
 356
 358
 360
 361
 362
 363
 364
 371
 372
 373
 375
 376
 377
 380
 382
 384
 385
 386
 387
 388
 389
 390
 391
 392
 394
 396
 397
 399
 400


# name: ProbA
# type: matrix
# rows: 0
# columns: 0


# name: ProbB
# type: matrix
# rows: 0
# columns: 0


# name: nSV
# type: matrix
# rows: 0
# columns: 0


# name: sv_coef
# type: matrix
# rows: 298
# columns: 1
 1
 0.98458654728668393
 -1
 1
 1
 -1
 -1
 1
 -1
 -1
 -1
 -1
 -1
 -1
 1
 1
 1
 1
 1
 -1
 1
 1
 1
 1
 -1
 0.16383109984474609
 1
 -1
 1
 -1
 -1
 1
 -1
 1
 -1
 1
 1
 1
 1
 1
 -1
 -1
 -1
 1
 -1
 -1
 -1
 -1
 0.8184764250310671
 -1
 -1
 -1
 -1
 -1
 -1
 1
 1
 1
 1
 -1
 -1
 -1
 -1
 -1
 -1
 1
 1
 -1
 -1
 -1
 -1
 -1
 -1
 1
 -1
 -1
 1
 1
 1
 -1
 -1
 -1
 -1
 -1
 1
 1
 1
 1
 1
 1
 1
 1
 1
 -1
 1
 1
 1
 1
 1
 1
 1
 1
 1
 1
 1
 1
 1
 -1
 1
 -1
 -1
 1
 -0.28319389543719303
 -1
 -1
 -1
 -1
 -1
 -1
 -1
 1
 0.16982302566219543
 -1
 -1
 -1
 -1
 1
 1
 1
 1
 1
 -1
 1
 1
 1
 1
 -1
 -1
 1
 1
 1
 1
 -1
 1
 1
 1
 1
 1
 1
 -1
 -1
 1
 1
 -1
 -1
 -1
 -1
 -1
 -1
 1
 -1
 -1
 -1
 -1
 1
 1
 -1
 -1
 1
 -1
 1
 -1
 -1
 -1
 -1
 1
 -1
 -1
 -1
 -1
 -1
 -1
 -1
 -1
 -1
 -1
 -1
 1
 -1
 -1
 -1
 1
 -0.49713447851374415
 -1
 -1
 -1
 1
 -1
 -1
 -1
 -1
 1
 1
 1
 -1
 -1
 1
 -1
 -1
 -1
 1
 -1
 -1
 -1
 -1
 -1
 -1
 -1
 -1
 -1
 -1
 -1
 -1
 1
 1
 1
 1
 -1
 1
 1
 1
 1
 -1
 1
 1
 1
 -1
 -1
 1
 1
 1
 1
 1
 -1
 1
 1
 1
 1
 1
 -1
 -1
 -1
 -1
 -1
 1
 1
 1
 1
 1
 -1
 1
 1
 -1
 -1
 1
 1
 1
 -1
 -1
 -1
 -1
 1
 1
 1
 1
 1
 -1
 1
 1
 1
 1
 -1
 -1
 -1
 1
 1
 1
 1
 1
 1
 1
 1
 1
 -0.35638872387375536
 1
 1
 -1
 1


# name: SVs
# type: sparse matrix
# nnz: 1490
# rows: 298
# columns: 5
1 1 0.0060350677322149856
2 1 0.00012889724828219778
3 1 1.2010069722298041e-05
4 1 1.0559752339030946e-05
5 1 0.00025902884081415763
6 1 0.01528374253395417
7 1 0.015304941706558594
8 1 0.015074779396147365
9 1 0.012808811816604879
10 1 0.0073937322847909739
11 1 0.0021824022054509496
12 1 0.00011439769750208071
13 1 1.8438023759673633e-05
14 1 4.1954023710436865e-06
15 1 0.014503664204911759
16 1 0.014503664204911759
17 1 0.0042930237365519973
18 1 0.00085859019691646892
19 1 0.00010137982820432606
20 1 8.9585169178041385e-06
21 1 2.1555649044070269e-05
22 1 0.0005380877753817392
23 1 0.0051579832225195476
24 1 0.011917157756156945
25 1 0.01528374253395417
26 1 0.014962932367136018
27 1 0.014311527989250816
28 1 0.0076977746458463999
29 1 0.015174265201610524
30 1 0.010565595300140939
31 1 0.0040649164048002532
32 1 0.0057230485497287856
33 1 0.0015780018350856646
34 1 4.7613530880808016e-05
35 1 3.0655826585091798e-06
36 1 0.012509545299082523
37 1 0.012509545299082523
38 1 0.0013359306143470456
39 1 0.00025572609950835485
40 1 3.657702470437897e-05
41 1 4.8971663744667258e-06
42 1 0.0002074331096266053
43 1 0.0031289123278457126
44 1 0.015074779396147365
45 1 0.014311527989250816
46 1 0.013369814377218476
47 1 0.011550568012928366
48 1 0.009463765933686934
49 1 0.0028961904394375596
50 1 0.0017112373468852729
51 1 0.015174265201610524
52 1 0.010565595300140939
53 1 0.0043238214347229966
54 1 0.0010399896219306509
55 1 0.00016513934370155557
56 1 0.0015780018350856646
57 1 0.00031756836403327624
58 1 6.1616201602292749e-05
59 1 1.3875261571918119e-05
60 1 4.1954023710436865e-06
61 1 1.8937684356933332e-06
62 1 0.014503664204911759
63 1 0.008046067879555141
64 1 0.0021631282478012195
65 1 0.00025572609950835485
66 1 2.6640364481912485e-06
67 1 5.5027260144747602e-05
68 1 0.00079107638276422205
69 1 0.0031289123278457126
70 1 0.010912461026681846
71 1 0.011254133686817403
72 1 0.011589429662878141
73 1 0.01223612607198569
74 1 0.013658709475585935
75 1 0.014695729363008843
76 1 0.0021824022054509496
77 1 0.00048687040646191494
78 1 1.4110252675860938e-05
79 1 1.9301584704992273e-06
80 1 0.0098194155696073593
81 1 0.0037874075841425217
82 1 0.0010292081719452449
83 1 0.00022897333577017405
84 1 6.1616201602292749e-05
85 1 0.012843055000495256
86 1 0.012843055000495256
87 1 0.0060350677322149856
88 1 0.0012264872750177935
89 1 0.00012889724828219778
90 1 9.1149470221513481e-06
91 1 0.00023197051405327615
92 1 0.0031289123278457126
93 1 0.0087934592135765523
94 1 0.015240119643069839
95 1 0.015304941706558594
96 1 0.015279794157205723
97 1 0.015074779396147365
98 1 0.013369814377218476
99 1 0.012808811816604879
100 1 0.012509545299082523
101 1 0.013900957094112865
102 1 0.0073937322847909739
103 1 4.2411558196525607e-05
104 1 3.6553576692373884e-06
105 1 0.0083977476775124026
106 1 0.0028961904394375596
107 1 0.00058705512861439589
108 1 3.0655826585091798e-06
109 1 0.014503664204911759
110 1 0.0051238910131585795
111 1 0.0010292081719452449
112 1 0.00011439769750208071
113 1 9.1149470221513481e-06
114 1 0.0001852183457418392
115 1 0.002021738408269642
116 1 0.0063926115285289093
117 1 0.013128692830581157
118 1 0.013400939989511406
119 1 0.014126688481543031
120 1 0.014524914665353633
121 1 0.015303623641947331
122 1 0.015165119889596679
123 1 0.015074779396147365
124 1 0.014676756816218496
125 1 0.0045924507935118488
126 1 6.7614037697355903e-06
127 1 0.00011439769750208071
128 1 0.015086468615846463
129 1 0.015086468615846463
130 1 0.0025103451192603344
131 1 0.00043464553594353266
132 1 4.8971663744667258e-06
133 1 6.2541121527315144e-05
134 1 0.0012389084463067242
135 1 0.0084390741012233504
136 1 0.014524914665353633
137 1 0.014830066229961225
138 1 0.014311527989250816
139 1 0.012199297801998202
140 1 0.0066814923564483836
141 1 0.0054191770713017898
142 1 0.0048375676960470621
143 1 0.0037874075841425217
144 1 0.014962932367136018
145 1 0.013128692830581157
146 1 0.0063926115285289093
147 1 0.0033217222822662139
148 1 0.00085859019691646892
149 1 0.00016292144814789481
150 1 4.8971663744667258e-06
151 1 1.1544799314050595e-06
152 1 0.009463765933686934
153 1 0.009463765933686934
154 1 2.4357352541869149e-05
155 1 0.00039684030235520709
156 1 0.0043238214347229966
157 1 0.014846679430496047
158 1 0.015086468615846463
159 1 0.015304941706558594
160 1 0.011879243166532856
161 1 0.0087934592135765523
162 1 0.0031289123278457126
163 1 1.4110252675860938e-05
164 1 0.0023319945720506664
165 1 0.00053186780452376954
166 1 0.00010137982820432606
167 1 2.1207618926922936e-05
168 1 6.6430761106124361e-06
169 1 0.014101162014516057
170 1 0.0031039513278981129
